{
  "estatisticas": {
    "nome": "CBMix1",
    "numVertices": 21,
    "numArestas": 0,
    "numArcos": 66,
    "numVerticesRequeridos": 11,
    "numArestasRequeridas": 0,
    "numArcosRequeridos": 37,
    "densidade": 0.157143,
    "componentes": 1,
    "grauMin": 4,
    "grauMax": 8,
    "caminhoMedio": 94.8048,
    "diametro": 223,
    "intermediacao": [0, 0, 46, 40, 26, 20, 32, 42, 112, 34, 42, 42, 52, 126, 56, 54, 64, 46, 0, 30, 4, 8]
   },
    "matrizDistancia": [
      [0, 39, 81, 99, 116, 41, 76, 115, 133, 149, 77, 112, 149, 189, 134, 168, 206, 119, 152, 191, 223],
      [39, 0, 42, 60, 77, 53, 37, 76, 94, 110, 89, 76, 110, 150, 98, 129, 167, 131, 116, 155, 184],
      [81, 42, 0, 18, 35, 95, 79, 40, 58, 68, 131, 113, 74, 110, 130, 93, 127, 173, 148, 119, 144],
      [99, 60, 18, 0, 17, 113, 97, 58, 40, 50, 149, 131, 92, 92, 148, 111, 109, 191, 166, 137, 126],
      [116, 77, 35, 17, 0, 130, 110, 71, 53, 33, 166, 144, 105, 75, 161, 124, 92, 208, 179, 149, 109],
      [41, 53, 95, 113, 130, 0, 38, 77, 95, 115, 36, 71, 110, 150, 93, 129, 167, 78, 111, 150, 184],
      [76, 37, 79, 97, 110, 38, 0, 39, 57, 77, 74, 39, 73, 113, 61, 92, 130, 116, 79, 118, 147],
      [115, 76, 40, 58, 71, 77, 39, 0, 18, 38, 108, 73, 34, 74, 90, 53, 91, 146, 108, 79, 108],
      [133, 94, 58, 40, 53, 95, 57, 18, 0, 20, 126, 91, 52, 62, 108, 71, 79, 164, 126, 97, 96],
      [149, 110, 68, 50, 33, 115, 77, 38, 20, 0, 146, 111, 72, 42, 128, 91, 59, 184, 146, 116, 76],
      [77, 89, 131, 149, 166, 36, 74, 108, 126, 146, 0, 35, 74, 114, 57, 93, 131, 42, 75, 114, 148],
      [112, 76, 113, 131, 144, 71, 39, 73, 91, 111, 35, 0, 39, 79, 22, 58, 96, 77, 40, 79, 113],
      [149, 110, 74, 92, 105, 110, 73, 34, 52, 72, 74, 39, 0, 40, 56, 19, 57, 112, 74, 45, 74],
      [189, 150, 110, 92, 75, 150, 113, 74, 62, 42, 114, 79, 40, 0, 93, 56, 17, 149, 111, 74, 34],
      [134, 98, 130, 148, 161, 93, 61, 90, 108, 128, 57, 22, 56, 93, 0, 37, 76, 56, 18, 57, 93],
      [168, 129, 93, 111, 124, 129, 92, 53, 71, 91, 93, 58, 19, 56, 37, 0, 39, 93, 55, 26, 56],
      [206, 167, 127, 109, 92, 167, 130, 91, 79, 59, 131, 96, 57, 17, 76, 39, 0, 132, 94, 57, 17],
      [119, 131, 173, 191, 208, 78, 116, 146, 164, 184, 42, 77, 112, 149, 56, 93, 132, 0, 38, 77, 117],
      [152, 116, 148, 166, 179, 111, 79, 108, 126, 146, 75, 40, 74, 111, 18, 55, 94, 38, 0, 39, 79],
      [191, 155, 119, 137, 149, 150, 118, 79, 97, 116, 114, 79, 45, 74, 57, 26, 57, 77, 39, 0, 40],
      [223, 184, 144, 126, 109, 184, 147, 108, 96, 76, 148, 113, 74, 34, 93, 56, 17, 117, 79, 40, 0]
    ],
    "matrizPredecessores": [
      [1, 1, 2, 3, 4, 1, 2, 7, 8, 5, 6, 11, 8, 13, 12, 13, 14, 11, 15, 19, 17],
      [2, 2, 2, 3, 4, 2, 2, 7, 8, 5, 6, 7, 8, 13, 12, 13, 14, 11, 15, 16, 17],
      [2, 3, 3, 3, 4, 2, 2, 3, 4, 5, 6, 13, 8, 10, 16, 13, 14, 11, 15, 16, 17],
      [2, 3, 4, 4, 4, 2, 2, 3, 4, 5, 6, 13, 8, 10, 16, 13, 14, 11, 15, 16, 17],
      [2, 3, 4, 5, 5, 2, 8, 9, 10, 5, 6, 13, 8, 10, 16, 13, 14, 11, 15, 21, 17],
      [6, 6, 2, 3, 4, 6, 6, 7, 8, 9, 6, 11, 12, 13, 12, 13, 14, 11, 15, 19, 17],
      [2, 7, 2, 3, 10, 7, 7, 7, 8, 9, 6, 7, 8, 13, 12, 13, 14, 11, 15, 16, 17],
      [2, 7, 8, 3, 10, 7, 8, 8, 8, 9, 12, 13, 8, 13, 16, 13, 14, 19, 15, 16, 17],
      [2, 7, 4, 9, 10, 7, 8, 9, 9, 9, 12, 13, 8, 10, 16, 13, 14, 19, 15, 16, 17],
      [2, 3, 4, 5, 10, 7, 8, 9, 10, 10, 12, 13, 8, 10, 16, 13, 14, 19, 15, 21, 17],
      [6, 6, 2, 3, 4, 11, 6, 13, 8, 9, 11, 11, 12, 13, 12, 13, 14, 11, 15, 19, 17],
      [6, 7, 8, 3, 10, 11, 12, 13, 8, 9, 12, 12, 12, 13, 12, 13, 14, 11, 15, 19, 17],
      [2, 7, 8, 3, 10, 11, 8, 13, 8, 9, 12, 13, 13, 13, 16, 13, 14, 19, 15, 16, 17],
      [2, 7, 4, 5, 10, 11, 8, 13, 10, 14, 12, 13, 14, 14, 16, 17, 14, 19, 15, 21, 17],
      [6, 7, 8, 3, 10, 11, 12, 13, 8, 9, 12, 15, 16, 17, 15, 15, 16, 19, 15, 19, 17],
      [2, 7, 8, 3, 10, 11, 8, 13, 8, 9, 12, 13, 16, 17, 16, 16, 16, 19, 15, 16, 17],
      [2, 7, 4, 5, 10, 11, 8, 13, 10, 14, 12, 13, 14, 17, 16, 17, 17, 19, 15, 21, 17],
      [6, 6, 2, 3, 4, 11, 6, 13, 8, 9, 18, 11, 16, 17, 19, 15, 16, 18, 18, 19, 20],
      [6, 7, 8, 3, 10, 11, 12, 13, 8, 9, 12, 15, 16, 17, 19, 15, 16, 19, 19, 19, 20],
      [6, 7, 8, 3, 10, 11, 8, 13, 8, 14, 12, 15, 16, 17, 19, 20, 21, 19, 20, 20, 20],
      [2, 7, 4, 5, 10, 11, 8, 13, 10, 14, 12, 13, 14, 17, 16, 17, 21, 19, 20, 21, 21]
    ],
  "grafo_json": "{\n\t\"vertices\": [\n\t\t{ \"id\": 2 },\n\t\t{ \"id\": 4 },\n\t\t{ \"id\": 5 },\n\t\t{ \"id\": 8 },\n\t\t{ \"id\": 10 },\n\t\t{ \"id\": 11 },\n\t\t{ \"id\": 15 },\n\t\t{ \"id\": 16 },\n\t\t{ \"id\": 17 },\n\t\t{ \"id\": 19 },\n\t\t{ \"id\": 21 }\n\t],\n\t\"arestas\": [\n\t],\n\t\"arcos\": [\n\t\t{ \"origem\": 2, \"destino\": 1, \"custoTransito\": 39 },\n\t\t{ \"origem\": 2, \"destino\": 6, \"custoTransito\": 53 },\n\t\t{ \"origem\": 3, \"destino\": 4, \"custoTransito\": 18 },\n\t\t{ \"origem\": 3, \"destino\": 8, \"custoTransito\": 40 },\n\t\t{ \"origem\": 4, \"destino\": 3, \"custoTransito\": 18 },\n\t\t{ \"origem\": 4, \"destino\": 5, \"custoTransito\": 17 },\n\t\t{ \"origem\": 5, \"destino\": 4, \"custoTransito\": 17 },\n\t\t{ \"origem\": 5, \"destino\": 10, \"custoTransito\": 33 },\n\t\t{ \"origem\": 6, \"destino\": 2, \"custoTransito\": 53 },\n\t\t{ \"origem\": 7, \"destino\": 2, \"custoTransito\": 37 },\n\t\t{ \"origem\": 7, \"destino\": 12, \"custoTransito\": 39 },\n\t\t{ \"origem\": 8, \"destino\": 7, \"custoTransito\": 39 },\n\t\t{ \"origem\": 8, \"destino\": 13, \"custoTransito\": 34 },\n\t\t{ \"origem\": 9, \"destino\": 8, \"custoTransito\": 18 },\n\t\t{ \"origem\": 10, \"destino\": 5, \"custoTransito\": 33 },\n\t\t{ \"origem\": 10, \"destino\": 9, \"custoTransito\": 20 },\n\t\t{ \"origem\": 11, \"destino\": 12, \"custoTransito\": 35 },\n\t\t{ \"origem\": 12, \"destino\": 7, \"custoTransito\": 39 },\n\t\t{ \"origem\": 12, \"destino\": 11, \"custoTransito\": 35 },\n\t\t{ \"origem\": 13, \"destino\": 12, \"custoTransito\": 39 },\n\t\t{ \"origem\": 13, \"destino\": 14, \"custoTransito\": 40 },\n\t\t{ \"origem\": 13, \"destino\": 16, \"custoTransito\": 19 },\n\t\t{ \"origem\": 14, \"destino\": 10, \"custoTransito\": 42 },\n\t\t{ \"origem\": 14, \"destino\": 13, \"custoTransito\": 40 },\n\t\t{ \"origem\": 15, \"destino\": 12, \"custoTransito\": 22 },\n\t\t{ \"origem\": 15, \"destino\": 16, \"custoTransito\": 37 },\n\t\t{ \"origem\": 15, \"destino\": 19, \"custoTransito\": 18 },\n\t\t{ \"origem\": 16, \"destino\": 15, \"custoTransito\": 37 },\n\t\t{ \"origem\": 16, \"destino\": 17, \"custoTransito\": 39 },\n\t\t{ \"origem\": 17, \"destino\": 14, \"custoTransito\": 17 },\n\t\t{ \"origem\": 18, \"destino\": 11, \"custoTransito\": 42 },\n\t\t{ \"origem\": 18, \"destino\": 19, \"custoTransito\": 38 },\n\t\t{ \"origem\": 19, \"destino\": 15, \"custoTransito\": 18 },\n\t\t{ \"origem\": 19, \"destino\": 18, \"custoTransito\": 38 },\n\t\t{ \"origem\": 19, \"destino\": 20, \"custoTransito\": 39 },\n\t\t{ \"origem\": 20, \"destino\": 19, \"custoTransito\": 39 },\n\t\t{ \"origem\": 21, \"destino\": 20, \"custoTransito\": 40 },\n\t\t{ \"origem\": 1, \"destino\": 2, \"custoTransito\": 39 },\n\t\t{ \"origem\": 1, \"destino\": 6, \"custoTransito\": 41 },\n\t\t{ \"origem\": 2, \"destino\": 3, \"custoTransito\": 42 },\n\t\t{ \"origem\": 2, \"destino\": 7, \"custoTransito\": 37 },\n\t\t{ \"origem\": 3, \"destino\": 2, \"custoTransito\": 42 },\n\t\t{ \"origem\": 4, \"destino\": 9, \"custoTransito\": 40 },\n\t\t{ \"origem\": 6, \"destino\": 1, \"custoTransito\": 41 },\n\t\t{ \"origem\": 6, \"destino\": 7, \"custoTransito\": 38 },\n\t\t{ \"origem\": 6, \"destino\": 11, \"custoTransito\": 36 },\n\t\t{ \"origem\": 7, \"destino\": 6, \"custoTransito\": 38 },\n\t\t{ \"origem\": 7, \"destino\": 8, \"custoTransito\": 39 },\n\t\t{ \"origem\": 8, \"destino\": 3, \"custoTransito\": 40 },\n\t\t{ \"origem\": 8, \"destino\": 9, \"custoTransito\": 18 },\n\t\t{ \"origem\": 9, \"destino\": 4, \"custoTransito\": 40 },\n\t\t{ \"origem\": 9, \"destino\": 10, \"custoTransito\": 20 },\n\t\t{ \"origem\": 10, \"destino\": 14, \"custoTransito\": 42 },\n\t\t{ \"origem\": 11, \"destino\": 6, \"custoTransito\": 36 },\n\t\t{ \"origem\": 11, \"destino\": 18, \"custoTransito\": 42 },\n\t\t{ \"origem\": 12, \"destino\": 13, \"custoTransito\": 39 },\n\t\t{ \"origem\": 12, \"destino\": 15, \"custoTransito\": 22 },\n\t\t{ \"origem\": 13, \"destino\": 8, \"custoTransito\": 34 },\n\t\t{ \"origem\": 14, \"destino\": 17, \"custoTransito\": 17 },\n\t\t{ \"origem\": 16, \"destino\": 13, \"custoTransito\": 19 },\n\t\t{ \"origem\": 16, \"destino\": 20, \"custoTransito\": 26 },\n\t\t{ \"origem\": 17, \"destino\": 16, \"custoTransito\": 39 },\n\t\t{ \"origem\": 17, \"destino\": 21, \"custoTransito\": 17 },\n\t\t{ \"origem\": 20, \"destino\": 16, \"custoTransito\": 26 },\n\t\t{ \"origem\": 20, \"destino\": 21, \"custoTransito\": 40 },\n\t\t{ \"origem\": 21, \"destino\": 17, \"custoTransito\": 17 }\n\t]\n}\n"
}
